# 	TASD00	ci:20.48	T IR	T Sens	Mag 	Hz 	Alt	Azi 	Lat 	Lon 	SL	Bat
1	2021-03-14	22:03:30	-2.91	9.21	18.28	7.56	10	0	37.113293	-3.554537	1065	3.84
2	2021-03-14	22:03:32	-4.29	9.21	18.78	4.8	10	11	37.113293	-3.554537	1065	3.84
3	2021-03-14	22:03:34	-3.27	9.21	19.15	3.41	10	22	37.113277	-3.554540	1066	3.84
4	2021-03-14	22:03:35	-3.15	9.21	19.36	2.81	10	33	37.113277	-3.554540	1066	3.84
5	2021-03-14	22:03:38	-2.47	9.19	19.68	2.09	10	45	37.113272	-3.554530	1066	3.84
6	2021-03-14	22:03:40	-1.05	9.15	20.04	1.5	10	56	37.113272	-3.554530	1066	3.84
7	2021-03-14	22:03:42	0.47	9.15	20.18	1.32	10	67	37.113272	-3.554530	1066	3.84
8	2021-03-14	22:03:45	-0.19	9.13	20.26	1.23	10	78	37.113272	-3.554530	1066	3.84
9	2021-03-14	22:03:47	-0.41	9.09	20.32	1.16	10	90	37.113272	-3.554530	1066	3.83
10	2021-03-14	22:03:49	-0.77	9.13	20.22	1.27	10	101	37.113272	-3.554530	1066	3.84
11	2021-03-14	22:03:52	-1.55	9.09	20.18	1.32	10	112	37.113272	-3.554530	1066	3.84
12	2021-03-14	22:03:54	-2.07	9.11	20.16	1.35	10	123	37.113272	-3.554530	1066	3.84
13	2021-03-14	22:03:56	-2.71	9.09	20.04	1.5	10	135	37.113282	-3.554526	1065	3.84
14	2021-03-14	22:03:58	-2.75	9.07	19.81	1.85	10	146	37.113282	-3.554526	1065	3.84
15	2021-03-14	22:04:00	-1.99	9.09	19.7	2.05	10	157	37.113275	-3.554517	1065	3.84
16	2021-03-14	22:04:02	-0.23	9.07	19.96	1.61	10	168	37.113275	-3.554517	1065	3.83
17	2021-03-14	22:04:04	-0.23	9.07	20.03	1.51	10	180	37.113275	-3.554517	1065	3.83
18	2021-03-14	22:04:06	-1.91	9.03	19.7	2.06	10	191	37.113275	-3.554517	1065	3.83
19	2021-03-14	22:04:08	-4.05	9.05	19.44	2.61	10	202	37.113275	-3.554517	1065	3.83
20	2021-03-14	22:04:10	-2.91	9.05	19.22	3.18	10	213	37.113275	-3.554517	1065	3.83
21	2021-03-14	22:04:12	-0.19	9.05	19.21	3.23	10	225	37.113266	-3.554511	1064	3.83
22	2021-03-14	22:04:13	1.47	9.01	19	3.91	10	236	37.113266	-3.554511	1064	3.83
23	2021-03-14	22:04:15	0.51	9.03	18.28	7.61	10	247	37.113266	-3.554511	1064	3.83
24	2021-03-14	22:04:16	-2.23	9.03	17.72	12.74	10	258	37.113266	-3.554511	1064	3.83
25	2021-03-14	22:04:17	-2.95	9.03	17.72	12.69	10	270	37.113266	-3.554511	1064	3.83
26	2021-03-14	22:04:19	-1.09	9.01	17.98	10.04	10	281	37.113266	-3.554511	1064	3.83
27	2021-03-14	22:04:20	-1.17	9.03	17.95	10.25	10	292	37.113266	-3.554511	1064	3.83
28	2021-03-14	22:04:21	-1.99	9.03	17.5	15.51	10	303	37.113266	-3.554511	1064	3.83
29	2021-03-14	22:04:23	-2.67	9.01	17.6	14.14	10	315	37.113266	-3.554511	1064	3.83
30	2021-03-14	22:04:24	-2.59	9.01	17.61	14.06	10	326	37.113266	-3.554511	1064	3.83
31	2021-03-14	22:04:25	-3.19	9.01	17.51	15.41	10	337	37.113266	-3.554511	1064	3.83
32	2021-03-14	22:04:27	-2.75	9.01	18.14	8.63	10	348	37.113266	-3.554511	1064	3.83
33	2021-03-14	22:04:29	-12.47	8.99	18.34	7.2	20	0	37.113266	-3.554511	1064	3.83
34	2021-03-14	22:04:31	-12.29	8.97	18.69	5.19	20	12	37.113266	-3.554511	1064	3.83
35	2021-03-14	22:04:32	-12.03	8.99	18.99	3.96	20	25	37.113272	-3.554523	1064	3.83
36	2021-03-14	22:04:34	-11.93	9.01	19.26	3.08	20	38	37.113272	-3.554523	1064	3.83
37	2021-03-14	22:04:36	-10.15	8.91	19.53	2.39	20	51	37.113272	-3.554523	1064	3.83
38	2021-03-14	22:04:38	-8.89	8.97	19.74	1.98	20	64	37.113272	-3.554523	1064	3.83
39	2021-03-14	22:04:40	-8.67	8.99	19.82	1.83	20	77	37.113272	-3.554523	1064	3.83
40	2021-03-14	22:04:42	-8.51	8.95	19.9	1.71	20	90	37.113278	-3.554513	1064	3.83
41	2021-03-14	22:04:45	-9.45	8.95	19.88	1.74	20	102	37.113278	-3.554513	1064	3.83
42	2021-03-14	22:04:47	-9.97	8.91	19.88	1.74	20	115	37.113278	-3.554513	1064	3.83
43	2021-03-14	22:04:49	-10.79	8.91	19.86	1.77	20	128	37.113278	-3.554513	1064	3.83
44	2021-03-14	22:04:51	-10.97	8.91	19.75	1.96	20	141	37.113278	-3.554513	1064	3.83
45	2021-03-14	22:04:53	-10.57	8.89	19.68	2.09	20	154	37.113278	-3.554513	1064	3.82
46	2021-03-14	22:04:55	-8.25	8.87	19.74	1.98	20	167	37.113278	-3.554513	1064	3.83
47	2021-03-14	22:04:57	-8.37	8.87	19.7	2.04	20	180	37.113278	-3.554513	1064	3.83
48	2021-03-14	22:04:59	-9.89	8.87	19.46	2.57	20	192	37.113278	-3.554513	1064	3.83
49	2021-03-14	22:05:01	-11.77	8.85	19.27	3.04	20	205	37.113278	-3.554513	1064	3.82
50	2021-03-14	22:05:03	-9.49	8.83	19.19	3.27	20	218	37.113278	-3.554513	1064	3.83
51	2021-03-14	22:05:04	-5.93	8.83	19.21	3.21	20	231	37.113278	-3.554513	1064	3.83
52	2021-03-14	22:05:06	-5.69	8.87	18.85	4.5	20	244	37.113278	-3.554513	1064	3.83
53	2021-03-14	22:05:08	-8.97	8.87	18.33	7.24	20	257	37.113278	-3.554513	1064	3.83
54	2021-03-14	22:05:09	-11.15	8.83	18.15	8.53	20	270	37.113278	-3.554513	1064	3.83
55	2021-03-14	22:05:11	-10.71	8.83	18.11	8.91	20	282	37.113278	-3.554513	1064	3.83
56	2021-03-14	22:05:12	-10.23	8.83	17.92	10.57	20	295	37.113269	-3.554517	1063	3.82
57	2021-03-14	22:05:14	-10.67	8.83	17.8	11.81	20	308	37.113269	-3.554517	1063	3.83
58	2021-03-14	22:05:15	-11.51	8.81	17.73	12.65	20	321	37.113269	-3.554517	1063	3.83
59	2021-03-14	22:05:16	-10.75	8.81	17.84	11.39	20	334	37.113269	-3.554517	1063	3.83
60	2021-03-14	22:05:18	-11.01	8.79	18.09	9.02	20	347	37.113269	-3.554517	1063	3.82
61	2021-03-14	22:05:20	-18.11	8.79	18.61	5.62	30	0	37.113269	-3.554517	1063	3.83
62	2021-03-14	22:05:22	-18.55	8.81	18.88	4.38	30	15	37.113269	-3.554517	1063	3.82
63	2021-03-14	22:05:24	-18.89	8.83	19.15	3.42	30	30	37.113263	-3.554528	1063	3.83
64	2021-03-14	22:05:26	-18.01	8.77	19.39	2.74	30	45	37.113263	-3.554528	1063	3.83
65	2021-03-14	22:05:28	-17.41	8.77	19.58	2.3	30	60	37.113263	-3.554528	1063	3.83
66	2021-03-14	22:05:31	-17.45	8.77	19.7	2.05	30	75	37.113263	-3.554528	1063	3.83
67	2021-03-14	22:05:33	-16.89	8.75	19.77	1.92	30	90	37.113263	-3.554528	1063	3.82
68	2021-03-14	22:05:35	-17.69	8.73	19.79	1.88	30	105	37.113263	-3.554528	1063	3.83
69	2021-03-14	22:05:37	-17.93	8.73	19.81	1.86	30	120	37.113263	-3.554528	1063	3.83
70	2021-03-14	22:05:39	-17.93	8.73	19.8	1.87	30	135	37.113263	-3.554528	1063	3.82
71	2021-03-14	22:05:41	-17.45	8.77	19.75	1.96	30	150	37.113263	-3.554528	1063	3.83
72	2021-03-14	22:05:44	-16.23	8.73	19.71	2.03	30	165	37.113263	-3.554528	1063	3.82
73	2021-03-14	22:05:46	-15.53	8.69	19.62	2.21	30	180	37.113263	-3.554528	1063	3.83
74	2021-03-14	22:05:48	-16.83	8.69	19.45	2.59	30	195	37.113263	-3.554528	1063	3.82
75	2021-03-14	22:05:50	-17.35	8.65	19.31	2.93	30	210	37.113263	-3.554528	1063	3.83
76	2021-03-14	22:05:52	-14.65	8.67	19.23	3.17	30	225	37.113263	-3.554528	1063	3.82
77	2021-03-14	22:05:53	-13.29	8.65	19.05	3.73	30	240	37.113263	-3.554528	1063	3.82
78	2021-03-14	22:05:55	-15.07	8.65	18.71	5.11	30	255	37.113263	-3.554528	1063	3.83
79	2021-03-14	22:05:57	-17.73	8.61	18.48	6.33	30	270	37.113263	-3.554528	1063	3.82
80	2021-03-14	22:05:59	-18.01	8.63	18.32	7.29	30	285	37.113263	-3.554528	1063	3.82
81	2021-03-14	22:06:00	-18.55	8.63	18.24	7.86	30	300	37.113263	-3.554528	1063	3.82
82	2021-03-14	22:06:02	-18.11	8.61	18.15	8.55	30	315	37.113263	-3.554528	1063	3.82
83	2021-03-14	22:06:04	-18.21	8.63	18.18	8.3	30	330	37.113263	-3.554528	1063	3.82
84	2021-03-14	22:06:05	-18.11	8.63	18.33	7.24	30	345	37.113263	-3.554528	1063	3.82
85	2021-03-14	22:06:08	-20.79	8.63	18.84	4.52	40	0	37.113263	-3.554528	1063	3.82
86	2021-03-14	22:06:10	-21.17	8.63	19.13	3.47	40	18	37.113263	-3.554528	1063	3.82
87	2021-03-14	22:06:12	-21.03	8.57	19.35	2.83	40	36	37.113263	-3.554528	1063	3.83
88	2021-03-14	22:06:15	-20.89	8.57	19.55	2.35	40	54	37.113263	-3.554528	1063	3.82
89	2021-03-14	22:06:17	-20.73	8.55	19.69	2.07	40	72	37.113263	-3.554528	1063	3.82
90	2021-03-14	22:06:20	-21.03	8.53	19.76	1.94	40	90	37.113263	-3.554528	1063	3.82
91	2021-03-14	22:06:22	-20.79	8.55	19.79	1.88	40	108	37.113263	-3.554528	1063	3.82
92	2021-03-14	22:06:25	-20.89	8.55	19.81	1.86	40	126	37.113263	-3.554528	1063	3.82
93	2021-03-14	22:06:28	-20.93	8.53	19.79	1.89	40	144	37.113263	-3.554528	1063	3.82
94	2021-03-14	22:06:30	-20.83	8.51	19.74	1.98	40	162	37.113263	-3.554528	1063	3.82
95	2021-03-14	22:06:33	-20.25	8.51	19.65	2.15	40	180	37.113263	-3.554528	1063	3.82
96	2021-03-14	22:06:35	-20.73	8.45	19.5	2.47	40	198	37.113263	-3.554528	1063	3.82
97	2021-03-14	22:06:37	-20.59	8.47	19.35	2.82	40	216	37.113263	-3.554528	1063	3.82
98	2021-03-14	22:06:39	-19.47	8.43	19.2	3.26	40	234	37.113263	-3.554528	1063	3.82
99	2021-03-14	22:06:41	-19.91	8.45	18.97	4.01	40	252	37.113263	-3.554528	1063	3.82
100	2021-03-14	22:06:43	-20.53	8.45	18.78	4.78	40	270	37.113263	-3.554528	1063	3.82
101	2021-03-14	22:06:45	-21.09	8.43	18.64	5.44	40	288	37.113263	-3.554528	1063	3.82
102	2021-03-14	22:06:47	-20.53	8.45	18.55	5.92	40	306	37.113263	-3.554528	1063	3.82
103	2021-03-14	22:06:49	-20.69	8.41	18.55	5.9	40	324	37.113263	-3.554528	1063	3.82
104	2021-03-14	22:06:51	-20.93	8.41	18.65	5.38	40	342	37.113263	-3.554528	1063	3.82
105	2021-03-14	22:06:54	-22.31	8.41	19.07	3.67	50	0	37.113263	-3.554528	1063	3.82
106	2021-03-14	22:06:57	-22.83	8.37	19.31	2.92	50	22	37.113263	-3.554528	1063	3.82
107	2021-03-14	22:06:59	-22.83	8.37	19.53	2.4	50	45	37.113263	-3.554528	1063	3.82
108	2021-03-14	22:07:02	-22.53	8.35	19.69	2.07	50	67	37.113263	-3.554528	1063	3.82
109	2021-03-14	22:07:05	-22.47	8.35	19.77	1.92	50	90	37.113269	-3.554499	1065	3.81
110	2021-03-14	22:07:07	-22.57	8.35	19.81	1.85	50	112	37.113267	-3.554518	1064	3.81
111	2021-03-14	22:07:10	-22.53	8.31	19.81	1.85	50	135	37.113267	-3.554518	1064	3.81
112	2021-03-14	22:07:13	-22.67	8.31	19.79	1.89	50	157	37.113266	-3.554531	1063	3.82
113	2021-03-14	22:07:15	-22.87	8.31	19.7	2.05	50	180	37.113266	-3.554531	1063	3.81
114	2021-03-14	22:07:18	-22.63	8.31	19.54	2.37	50	202	37.113266	-3.554531	1063	3.81
115	2021-03-14	22:07:20	-22.41	8.27	19.38	2.75	50	225	37.113266	-3.554531	1063	3.82
116	2021-03-14	22:07:23	-22.63	8.27	19.2	3.26	50	247	37.113266	-3.554531	1063	3.81
117	2021-03-14	22:07:25	-22.27	8.23	19.03	3.8	50	270	37.113266	-3.554531	1063	3.81
118	2021-03-14	22:07:27	-22.53	8.23	18.9	4.3	50	292	37.113266	-3.554531	1063	3.82
119	2021-03-14	22:07:29	-22.27	8.23	18.86	4.43	50	315	37.113266	-3.554531	1063	3.81
120	2021-03-14	22:07:32	-23.03	8.21	18.93	4.19	50	337	37.113266	-3.554531	1063	3.82
121	2021-03-14	22:07:35	-23.75	8.19	19.29	3	60	0	37.113266	-3.554531	1063	3.82
122	2021-03-14	22:07:38	-24.11	8.19	19.5	2.48	60	30	37.113255	-3.554525	1062	3.82
123	2021-03-14	22:07:41	-24.11	8.17	19.67	2.1	60	60	37.113255	-3.554525	1062	3.81
124	2021-03-14	22:07:44	-23.69	8.17	19.78	1.91	60	90	37.113255	-3.554525	1062	3.81
125	2021-03-14	22:07:47	-23.79	8.13	19.81	1.85	60	120	37.113264	-3.554529	1060	3.81
126	2021-03-14	22:07:50	-23.33	8.13	19.8	1.86	60	150	37.113264	-3.554529	1060	3.81
127	2021-03-14	22:07:53	-23.65	8.11	19.73	2	60	180	37.113262	-3.554542	1059	3.81
128	2021-03-14	22:07:57	-24.11	8.09	19.58	2.3	60	210	37.113262	-3.554542	1059	3.81
129	2021-03-14	22:08:00	-23.49	8.07	19.39	2.73	60	240	37.113262	-3.554542	1059	3.82
130	2021-03-14	22:08:03	-23.69	8.07	19.22	3.2	60	270	37.113262	-3.554542	1059	3.81
131	2021-03-14	22:08:06	-23.75	8.07	19.11	3.52	60	300	37.113262	-3.554542	1059	3.81
132	2021-03-14	22:08:09	-23.65	8.05	19.13	3.47	60	330	37.113262	-3.554542	1059	3.81
133	2021-03-14	22:08:13	-24.51	8.05	19.44	2.6	70	0	37.113262	-3.554542	1059	3.81
134	2021-03-14	22:08:17	-24.71	7.97	19.63	2.18	70	45	37.113262	-3.554542	1059	3.81
135	2021-03-14	22:08:21	-24.71	7.99	19.77	1.93	70	90	37.113262	-3.554542	1059	3.81
136	2021-03-14	22:08:25	-24.51	7.97	19.8	1.88	70	135	37.113262	-3.554542	1059	3.81
137	2021-03-14	22:08:29	-24.61	7.95	19.73	1.99	70	180	37.113262	-3.554542	1059	3.81
138	2021-03-14	22:08:33	-24.57	7.93	19.57	2.31	70	225	37.113262	-3.554542	1059	3.81
139	2021-03-14	22:08:37	-24.61	7.91	19.4	2.7	70	270	37.113262	-3.554542	1059	3.81
140	2021-03-14	22:08:41	-24.41	7.93	19.34	2.86	70	315	37.113262	-3.554542	1059	3.81
141	2021-03-14	22:08:46	-25.19	7.91	19.56	2.34	80	0	37.113259	-3.554530	1060	3.81
142	2021-03-14	22:08:53	-25.19	7.83	19.72	2.01	80	90	37.113259	-3.554530	1060	3.81
143	2021-03-14	22:09:00	-24.83	7.83	19.72	2.02	80	180	37.113259	-3.554530	1060	3.8
144	2021-03-14	22:09:07	-24.93	7.77	19.55	2.35	80	270	37.113250	-3.554531	1063	3.81
145	2021-03-14	22:09:15	-25.23	7.75	19.64	2.17	90	0	37.113250	-3.554531	1063	3.8
